0.000000000000000000e+00 2.780000000000000071e+01 2.250000000000000000e+01 2.460000000000000142e+01 2.580000000000000071e+01 3.560000000000000142e+01 4.420000000000000284e+01 1.590000000000000036e+01 7.400000000000000355e+00 7.299999999999999822e+00 7.299999999999999822e+00 7.400000000000000355e+00
0.000000000000000000e+00 2.419999999999999929e+01 2.760000000000000142e+01 2.110000000000000142e+01 3.180000000000000071e+01 5.000000000000000000e+01 3.829999999999999716e+01 1.590000000000000036e+01 7.299999999999999822e+00 7.299999999999999822e+00 7.299999999999999822e+00 7.400000000000000355e+00
0.000000000000000000e+00 2.610000000000000142e+01 2.480000000000000071e+01 2.619999999999999929e+01 2.419999999999999929e+01 3.080000000000000071e+01 5.679999999999999716e+01 2.750000000000000000e+01 1.618000000000000114e+02 7.500000000000000000e+00 7.700000000000000178e+00 7.500000000000000000e+00
0.000000000000000000e+00 2.350000000000000000e+01 2.500000000000000000e+01 2.680000000000000071e+01 2.569999999999999929e+01 4.320000000000000284e+01 7.590000000000000568e+01 5.760000000000000142e+01 5.400000000000000000e+01 4.008000000000000114e+02 3.975000000000000000e+02 1.754000000000000057e+02
0.000000000000000000e+00 2.239999999999999858e+01 2.789999999999999858e+01 3.410000000000000142e+01 2.680000000000000071e+01 5.139999999999999858e+01 6.759999999999999432e+01 2.000000000000000000e+01 4.270000000000000284e+01 2.410999999999999943e+02 9.150000000000000000e+01 2.380999999999999943e+02
0.000000000000000000e+00 2.719999999999999929e+01 2.889999999999999858e+01 2.389999999999999858e+01 3.270000000000000284e+01 2.160000000000000142e+01 5.389999999999999858e+01 1.190000000000000036e+01 1.335999999999999943e+02 1.373000000000000114e+02 7.129999999999999716e+01 4.621999999999999886e+02
0.000000000000000000e+00 3.350000000000000000e+01 2.519999999999999929e+01 2.900000000000000000e+01 3.920000000000000284e+01 4.820000000000000284e+01 2.200000000000000000e+01 5.350000000000000000e+01 3.600000000000000000e+01 3.750000000000000000e+02 3.551999999999999886e+02 5.000000000000000000e+02
0.000000000000000000e+00 2.600000000000000000e+01 2.680000000000000071e+01 1.769999999999999929e+01 1.590000000000000036e+01 4.710000000000000142e+01 6.579999999999999716e+01 1.040000000000000036e+01 3.629999999999999716e+01 3.211999999999999886e+02 5.000000000000000000e+02 5.000000000000000000e+02
0.000000000000000000e+00 2.260000000000000142e+01 2.750000000000000000e+01 2.530000000000000071e+01 1.619999999999999929e+01 4.470000000000000284e+01 7.900000000000000000e+01 1.230000000000000071e+01 2.258000000000000114e+02 4.388999999999999773e+02 5.000000000000000000e+02 4.990000000000000000e+02
0.000000000000000000e+00 3.050000000000000000e+01 2.739999999999999858e+01 2.030000000000000071e+01 2.430000000000000071e+01 3.429999999999999716e+01 5.600000000000000000e+01 1.259999999999999964e+01 2.889999999999999858e+01 2.438000000000000114e+02 1.262999999999999972e+02 2.364000000000000057e+02
0.000000000000000000e+00 2.310000000000000142e+01 2.760000000000000142e+01 2.810000000000000142e+01 2.169999999999999929e+01 4.579999999999999716e+01 1.308000000000000114e+02 1.380000000000000071e+01 1.139000000000000057e+02 1.880999999999999943e+02 2.000000000000000000e+02 3.206000000000000227e+02
0.000000000000000000e+00 2.760000000000000142e+01 3.200000000000000000e+01 2.489999999999999858e+01 2.630000000000000071e+01 5.260000000000000142e+01 7.679999999999999716e+01 9.699999999999999289e+00 3.600000000000000000e+01 1.052999999999999972e+02 2.080000000000000000e+02 1.740999999999999943e+02
0.000000000000000000e+00 2.919999999999999929e+01 2.369999999999999929e+01 2.530000000000000071e+01 2.660000000000000142e+01 5.600000000000000000e+01 6.000000000000000000e+01 9.900000000000000355e+00 7.229999999999999716e+01 8.420000000000000284e+01 7.200000000000000178e+00 7.500000000000000000e+00
0.000000000000000000e+00 2.360000000000000142e+01 2.560000000000000142e+01 2.489999999999999858e+01 4.710000000000000142e+01 3.889999999999999858e+01 5.400000000000000000e+01 1.490000000000000036e+01 9.029999999999999716e+01 3.296999999999999886e+02 1.720000000000000000e+02 3.325000000000000000e+02
0.000000000000000000e+00 2.769999999999999929e+01 2.260000000000000142e+01 2.930000000000000071e+01 1.769999999999999929e+01 3.929999999999999716e+01 6.520000000000000284e+01 1.580000000000000071e+01 4.379999999999999716e+01 2.214000000000000057e+02 1.235000000000000000e+02 1.396999999999999886e+02
0.000000000000000000e+00 2.150000000000000000e+01 1.960000000000000142e+01 3.119999999999999929e+01 2.880000000000000071e+01 2.000000000000000000e+01 2.589999999999999858e+01 1.330000000000000071e+01 6.700000000000000178e+00 7.200000000000000178e+00 7.400000000000000355e+00 7.599999999999999645e+00
0.000000000000000000e+00 2.619999999999999929e+01 2.569999999999999929e+01 2.280000000000000071e+01 2.189999999999999858e+01 4.320000000000000284e+01 8.959999999999999432e+01 4.910000000000000142e+01 1.345000000000000000e+02 5.779999999999999716e+01 7.200000000000000178e+00 7.200000000000000178e+00
0.000000000000000000e+00 3.160000000000000142e+01 2.480000000000000071e+01 3.600000000000000000e+01 2.389999999999999858e+01 2.819999999999999929e+01 5.920000000000000284e+01 1.559999999999999964e+01 7.500000000000000000e+00 7.400000000000000355e+00 7.200000000000000178e+00 6.799999999999999822e+00
0.000000000000000000e+00 2.300000000000000000e+01 3.119999999999999929e+01 2.869999999999999929e+01 3.939999999999999858e+01 4.150000000000000000e+01 5.410000000000000142e+01 8.600000000000000000e+01 1.040000000000000000e+02 1.868000000000000114e+02 1.150000000000000000e+01 6.799999999999999822e+00
0.000000000000000000e+00 2.769999999999999929e+01 2.230000000000000071e+01 2.219999999999999929e+01 2.519999999999999929e+01 3.770000000000000284e+01 6.179999999999999716e+01 9.500000000000000000e+00 7.179999999999999716e+01 5.460000000000000142e+01 3.766999999999999886e+02 2.693999999999999773e+02
