0.000000000000000000e+00 2.060000000000000142e+01 3.089999999999999858e+01 2.089999999999999858e+01 4.000000000000000000e+01 5.410000000000000142e+01 6.800000000000000000e+01 3.030000000000000071e+01 1.981999999999999886e+02 3.825000000000000000e+02 4.311999999999999886e+02 7.200000000000000178e+00
0.000000000000000000e+00 3.820000000000000284e+01 3.270000000000000284e+01 3.080000000000000071e+01 2.630000000000000071e+01 3.660000000000000142e+01 6.650000000000000000e+01 3.130000000000000071e+01 1.310000000000000000e+02 1.630999999999999943e+02 1.990999999999999943e+02 3.413000000000000114e+02
0.000000000000000000e+00 2.510000000000000142e+01 2.530000000000000071e+01 2.360000000000000142e+01 2.489999999999999858e+01 4.570000000000000284e+01 6.700000000000000000e+01 6.370000000000000284e+01 5.710000000000000142e+01 1.416999999999999886e+02 1.763000000000000114e+02 4.926999999999999886e+02
0.000000000000000000e+00 2.180000000000000071e+01 3.180000000000000071e+01 1.900000000000000000e+01 2.900000000000000000e+01 5.670000000000000284e+01 4.560000000000000142e+01 1.300000000000000000e+01 2.275999999999999943e+02 1.991999999999999886e+02 1.970999999999999943e+02 2.350000000000000000e+02
0.000000000000000000e+00 2.750000000000000000e+01 2.639999999999999858e+01 2.119999999999999929e+01 2.330000000000000071e+01 5.000000000000000000e+01 7.829999999999999716e+01 7.959999999999999432e+01 3.071000000000000227e+02 4.620000000000000000e+02 3.101000000000000227e+02 3.731999999999999886e+02
0.000000000000000000e+00 3.289999999999999858e+01 2.439999999999999858e+01 1.900000000000000000e+01 2.969999999999999929e+01 6.229999999999999716e+01 5.760000000000000142e+01 2.100000000000000000e+01 5.000000000000000000e+02 4.940000000000000000e+02 4.741999999999999886e+02 4.921999999999999886e+02
0.000000000000000000e+00 2.619999999999999929e+01 1.680000000000000071e+01 2.239999999999999858e+01 3.889999999999999858e+01 3.169999999999999929e+01 6.779999999999999716e+01 2.439999999999999858e+01 2.576000000000000227e+02 3.078999999999999773e+02 1.473000000000000114e+02 1.065999999999999943e+02
0.000000000000000000e+00 1.930000000000000071e+01 2.010000000000000142e+01 2.980000000000000071e+01 3.600000000000000000e+01 3.689999999999999858e+01 5.039999999999999858e+01 4.510000000000000142e+01 2.464000000000000057e+02 1.320999999999999943e+02 1.360000000000000000e+02 1.588000000000000114e+02
0.000000000000000000e+00 1.669999999999999929e+01 3.360000000000000142e+01 1.839999999999999858e+01 4.100000000000000000e+01 4.139999999999999858e+01 5.429999999999999716e+01 1.200000000000000000e+01 3.148999999999999773e+02 2.913000000000000114e+02 2.160000000000000000e+02 2.695000000000000000e+02
0.000000000000000000e+00 2.260000000000000142e+01 2.410000000000000142e+01 1.989999999999999858e+01 2.269999999999999929e+01 4.739999999999999858e+01 6.579999999999999716e+01 1.769999999999999929e+01 2.256999999999999886e+02 3.053999999999999773e+02 2.015000000000000000e+02 2.948000000000000114e+02
0.000000000000000000e+00 2.510000000000000142e+01 3.360000000000000142e+01 3.200000000000000000e+01 2.069999999999999929e+01 4.650000000000000000e+01 4.579999999999999716e+01 1.769999999999999929e+01 2.641000000000000227e+02 1.556999999999999886e+02 2.005000000000000000e+02 2.410000000000000000e+02
0.000000000000000000e+00 2.360000000000000142e+01 2.350000000000000000e+01 2.260000000000000142e+01 3.000000000000000000e+01 5.520000000000000284e+01 6.420000000000000284e+01 3.210000000000000142e+01 1.277999999999999972e+02 1.696999999999999886e+02 2.690000000000000000e+02 4.356000000000000227e+02
0.000000000000000000e+00 2.480000000000000071e+01 2.089999999999999858e+01 2.010000000000000142e+01 2.760000000000000142e+01 3.920000000000000284e+01 2.710000000000000142e+01 2.000000000000000000e+01 2.020999999999999943e+02 1.294000000000000057e+02 2.260999999999999943e+02 1.665000000000000000e+02
0.000000000000000000e+00 3.039999999999999858e+01 2.330000000000000071e+01 1.669999999999999929e+01 2.660000000000000142e+01 4.729999999999999716e+01 7.170000000000000284e+01 8.300000000000000000e+01 5.120000000000000284e+01 3.051000000000000227e+02 2.823000000000000114e+02 2.571999999999999886e+02
0.000000000000000000e+00 2.950000000000000000e+01 2.350000000000000000e+01 2.730000000000000071e+01 4.100000000000000000e+01 4.389999999999999858e+01 3.500000000000000000e+01 4.170000000000000284e+01 1.823000000000000114e+02 1.809000000000000057e+02 1.513000000000000114e+02 2.301999999999999886e+02
0.000000000000000000e+00 2.850000000000000000e+01 2.489999999999999858e+01 2.580000000000000071e+01 3.479999999999999716e+01 6.060000000000000142e+01 4.379999999999999716e+01 4.039999999999999858e+01 1.905000000000000000e+02 1.704000000000000057e+02 2.053000000000000114e+02 3.446999999999999886e+02
0.000000000000000000e+00 2.350000000000000000e+01 2.839999999999999858e+01 3.169999999999999929e+01 1.400000000000000000e+01 5.020000000000000284e+01 7.120000000000000284e+01 8.690000000000000568e+01 2.300000000000000000e+02 8.659999999999999432e+01 1.700999999999999943e+02 1.222999999999999972e+02
0.000000000000000000e+00 1.619999999999999929e+01 3.180000000000000071e+01 2.319999999999999929e+01 2.430000000000000071e+01 3.650000000000000000e+01 4.610000000000000142e+01 3.600000000000000000e+01 1.240999999999999943e+02 4.941000000000000227e+02 3.270000000000000284e+01 1.320999999999999943e+02
0.000000000000000000e+00 4.060000000000000142e+01 3.060000000000000142e+01 2.180000000000000071e+01 2.089999999999999858e+01 3.039999999999999858e+01 3.589999999999999858e+01 1.359999999999999964e+01 3.141000000000000227e+02 3.378000000000000114e+02 2.681999999999999886e+02 1.739000000000000057e+02
0.000000000000000000e+00 2.560000000000000142e+01 1.639999999999999858e+01 1.689999999999999858e+01 2.239999999999999858e+01 5.889999999999999858e+01 3.270000000000000284e+01 1.259999999999999964e+01 2.115000000000000000e+02 1.214000000000000057e+02 8.350000000000000000e+01 1.319000000000000057e+02
