0.000000000000000000e+00 1.250000000000000000e+01 7.500000000000000000e+00 7.799999999999999822e+00 1.050000000000000000e+01 1.150000000000000000e+01 3.320000000000000284e+01 7.829999999999999716e+01 2.628000000000000114e+02 1.415999999999999943e+02 1.640000000000000000e+02 1.626999999999999886e+02
0.000000000000000000e+00 9.900000000000000355e+00 7.099999999999999645e+00 7.000000000000000000e+00 6.900000000000000355e+00 7.200000000000000178e+00 7.400000000000000355e+00 7.599999999999999645e+00 7.400000000000000355e+00 7.400000000000000355e+00 7.400000000000000355e+00 7.500000000000000000e+00
0.000000000000000000e+00 1.269999999999999929e+01 7.599999999999999645e+00 7.500000000000000000e+00 1.400000000000000000e+01 3.189999999999999858e+01 1.260999999999999943e+02 2.669999999999999929e+01 4.188999999999999773e+02 1.516999999999999886e+02 1.391999999999999886e+02 7.200000000000000178e+00
0.000000000000000000e+00 1.350000000000000000e+01 7.299999999999999822e+00 7.500000000000000000e+00 7.900000000000000355e+00 7.200000000000000178e+00 7.400000000000000355e+00 7.200000000000000178e+00 7.400000000000000355e+00 7.400000000000000355e+00 7.299999999999999822e+00 7.299999999999999822e+00
0.000000000000000000e+00 9.000000000000000000e+00 7.599999999999999645e+00 7.599999999999999645e+00 7.000000000000000000e+00 1.760000000000000142e+01 2.330000000000000071e+01 4.810000000000000142e+01 8.879999999999999716e+01 8.350000000000000000e+01 2.926000000000000227e+02 6.329999999999999716e+01
0.000000000000000000e+00 8.900000000000000355e+00 6.799999999999999822e+00 7.599999999999999645e+00 7.500000000000000000e+00 7.599999999999999645e+00 7.500000000000000000e+00 7.099999999999999645e+00 7.299999999999999822e+00 7.099999999999999645e+00 7.299999999999999822e+00 7.400000000000000355e+00
0.000000000000000000e+00 1.009999999999999964e+01 7.700000000000000178e+00 7.000000000000000000e+00 6.799999999999999822e+00 7.400000000000000355e+00 7.700000000000000178e+00 7.599999999999999645e+00 7.099999999999999645e+00 7.200000000000000178e+00 7.099999999999999645e+00 7.400000000000000355e+00
0.000000000000000000e+00 1.850000000000000000e+01 7.500000000000000000e+00 7.099999999999999645e+00 7.799999999999999822e+00 7.500000000000000000e+00 7.599999999999999645e+00 7.000000000000000000e+00 7.599999999999999645e+00 7.099999999999999645e+00 7.500000000000000000e+00 7.299999999999999822e+00
0.000000000000000000e+00 1.550000000000000000e+01 2.030000000000000071e+01 1.889999999999999858e+01 1.269999999999999929e+01 2.080000000000000071e+01 4.039999999999999858e+01 7.000000000000000000e+01 3.268000000000000114e+02 1.681999999999999886e+02 1.109000000000000057e+02 2.328000000000000114e+02
0.000000000000000000e+00 1.100000000000000000e+01 7.599999999999999645e+00 7.299999999999999822e+00 7.599999999999999645e+00 7.299999999999999822e+00 7.299999999999999822e+00 7.400000000000000355e+00 7.200000000000000178e+00 7.099999999999999645e+00 7.700000000000000178e+00 7.000000000000000000e+00
0.000000000000000000e+00 1.689999999999999858e+01 7.700000000000000178e+00 2.230000000000000071e+01 4.620000000000000284e+01 4.470000000000000284e+01 5.470000000000000284e+01 6.000000000000000000e+01 1.418000000000000114e+02 2.825000000000000000e+02 4.655000000000000000e+02 4.663999999999999773e+02
0.000000000000000000e+00 1.509999999999999964e+01 7.299999999999999822e+00 7.400000000000000355e+00 7.299999999999999822e+00 7.500000000000000000e+00 7.099999999999999645e+00 7.599999999999999645e+00 7.599999999999999645e+00 7.299999999999999822e+00 7.400000000000000355e+00 7.599999999999999645e+00
0.000000000000000000e+00 1.140000000000000036e+01 7.799999999999999822e+00 7.099999999999999645e+00 7.200000000000000178e+00 7.099999999999999645e+00 7.000000000000000000e+00 7.599999999999999645e+00 6.900000000000000355e+00 7.400000000000000355e+00 7.099999999999999645e+00 7.299999999999999822e+00
0.000000000000000000e+00 8.000000000000000000e+00 7.200000000000000178e+00 7.000000000000000000e+00 7.500000000000000000e+00 7.500000000000000000e+00 7.700000000000000178e+00 7.200000000000000178e+00 7.700000000000000178e+00 7.400000000000000355e+00 7.000000000000000000e+00 7.400000000000000355e+00
0.000000000000000000e+00 1.340000000000000036e+01 7.599999999999999645e+00 7.299999999999999822e+00 7.599999999999999645e+00 7.400000000000000355e+00 7.400000000000000355e+00 7.799999999999999822e+00 7.299999999999999822e+00 7.299999999999999822e+00 7.200000000000000178e+00 7.200000000000000178e+00
0.000000000000000000e+00 1.109999999999999964e+01 7.400000000000000355e+00 7.500000000000000000e+00 7.500000000000000000e+00 7.000000000000000000e+00 7.299999999999999822e+00 7.299999999999999822e+00 7.299999999999999822e+00 7.500000000000000000e+00 7.200000000000000178e+00 7.400000000000000355e+00
0.000000000000000000e+00 7.500000000000000000e+00 7.200000000000000178e+00 7.200000000000000178e+00 7.500000000000000000e+00 7.400000000000000355e+00 7.299999999999999822e+00 7.700000000000000178e+00 7.099999999999999645e+00 7.799999999999999822e+00 7.400000000000000355e+00 7.599999999999999645e+00
0.000000000000000000e+00 2.800000000000000000e+01 1.159999999999999964e+01 2.650000000000000000e+01 3.460000000000000142e+01 4.350000000000000000e+01 1.559999999999999964e+01 2.101999999999999886e+02 1.179000000000000057e+02 7.790000000000000568e+01 1.107000000000000028e+02 3.058999999999999773e+02
0.000000000000000000e+00 1.369999999999999929e+01 7.799999999999999822e+00 7.500000000000000000e+00 7.400000000000000355e+00 7.000000000000000000e+00 6.900000000000000355e+00 7.500000000000000000e+00 7.099999999999999645e+00 7.099999999999999645e+00 7.900000000000000355e+00 7.599999999999999645e+00
0.000000000000000000e+00 2.160000000000000142e+01 7.599999999999999645e+00 7.299999999999999822e+00 2.950000000000000000e+01 6.000000000000000000e+01 2.369999999999999929e+01 5.820000000000000284e+01 9.970000000000000284e+01 4.646999999999999886e+02 1.503000000000000114e+02 1.313000000000000114e+02
