0.000000000000000000e+00 1.350000000000000000e+01 1.080000000000000071e+01 9.900000000000000355e+00 8.199999999999999289e+00 7.599999999999999645e+00 7.099999999999999645e+00 7.500000000000000000e+00 7.200000000000000178e+00 7.299999999999999822e+00 7.400000000000000355e+00 7.700000000000000178e+00
0.000000000000000000e+00 9.199999999999999289e+00 7.299999999999999822e+00 7.400000000000000355e+00 7.400000000000000355e+00 7.299999999999999822e+00 7.099999999999999645e+00 7.599999999999999645e+00 7.299999999999999822e+00 7.599999999999999645e+00 7.500000000000000000e+00 7.000000000000000000e+00
0.000000000000000000e+00 3.750000000000000000e+01 1.269999999999999929e+01 8.800000000000000711e+00 7.700000000000000178e+00 7.299999999999999822e+00 7.200000000000000178e+00 7.700000000000000178e+00 7.500000000000000000e+00 7.000000000000000000e+00 7.700000000000000178e+00 7.700000000000000178e+00
0.000000000000000000e+00 7.500000000000000000e+00 7.200000000000000178e+00 7.900000000000000355e+00 7.099999999999999645e+00 6.799999999999999822e+00 7.400000000000000355e+00 7.299999999999999822e+00 7.599999999999999645e+00 7.299999999999999822e+00 7.299999999999999822e+00 7.500000000000000000e+00
0.000000000000000000e+00 5.079999999999999716e+01 1.009999999999999964e+01 7.200000000000000178e+00 7.599999999999999645e+00 7.200000000000000178e+00 7.099999999999999645e+00 7.299999999999999822e+00 7.400000000000000355e+00 7.599999999999999645e+00 7.500000000000000000e+00 7.299999999999999822e+00
0.000000000000000000e+00 1.359999999999999964e+01 9.099999999999999645e+00 7.500000000000000000e+00 7.299999999999999822e+00 6.900000000000000355e+00 7.000000000000000000e+00 6.900000000000000355e+00 7.200000000000000178e+00 7.200000000000000178e+00 7.799999999999999822e+00 7.299999999999999822e+00
0.000000000000000000e+00 3.000000000000000000e+01 2.019999999999999929e+01 1.639999999999999858e+01 2.889999999999999858e+01 2.669999999999999929e+01 5.389999999999999858e+01 1.630000000000000071e+01 8.870000000000000284e+01 1.553000000000000114e+02 3.466999999999999886e+02 1.390999999999999943e+02
0.000000000000000000e+00 3.169999999999999929e+01 1.100000000000000000e+01 7.299999999999999822e+00 7.299999999999999822e+00 7.700000000000000178e+00 7.900000000000000355e+00 7.500000000000000000e+00 7.099999999999999645e+00 7.500000000000000000e+00 7.500000000000000000e+00 7.799999999999999822e+00
0.000000000000000000e+00 2.919999999999999929e+01 8.400000000000000355e+00 7.500000000000000000e+00 7.299999999999999822e+00 7.500000000000000000e+00 7.000000000000000000e+00 7.599999999999999645e+00 7.099999999999999645e+00 7.099999999999999645e+00 7.000000000000000000e+00 7.599999999999999645e+00
0.000000000000000000e+00 3.139999999999999858e+01 1.580000000000000071e+01 7.500000000000000000e+00 7.599999999999999645e+00 7.400000000000000355e+00 7.799999999999999822e+00 6.799999999999999822e+00 7.200000000000000178e+00 7.400000000000000355e+00 7.400000000000000355e+00 7.000000000000000000e+00
0.000000000000000000e+00 8.000000000000000000e+00 7.500000000000000000e+00 7.299999999999999822e+00 7.299999999999999822e+00 7.299999999999999822e+00 7.200000000000000178e+00 7.099999999999999645e+00 7.200000000000000178e+00 7.200000000000000178e+00 7.000000000000000000e+00 7.200000000000000178e+00
0.000000000000000000e+00 8.599999999999999645e+00 7.099999999999999645e+00 7.299999999999999822e+00 7.700000000000000178e+00 7.400000000000000355e+00 7.500000000000000000e+00 7.500000000000000000e+00 7.400000000000000355e+00 7.099999999999999645e+00 7.799999999999999822e+00 7.200000000000000178e+00
0.000000000000000000e+00 5.170000000000000284e+01 1.290000000000000036e+01 7.299999999999999822e+00 7.500000000000000000e+00 7.299999999999999822e+00 6.799999999999999822e+00 7.599999999999999645e+00 7.500000000000000000e+00 7.500000000000000000e+00 7.700000000000000178e+00 7.599999999999999645e+00
0.000000000000000000e+00 8.599999999999999645e+00 7.200000000000000178e+00 7.500000000000000000e+00 7.299999999999999822e+00 7.500000000000000000e+00 7.400000000000000355e+00 7.000000000000000000e+00 7.400000000000000355e+00 7.200000000000000178e+00 7.299999999999999822e+00 7.400000000000000355e+00
0.000000000000000000e+00 1.219999999999999929e+01 7.400000000000000355e+00 7.200000000000000178e+00 7.700000000000000178e+00 7.000000000000000000e+00 7.599999999999999645e+00 7.299999999999999822e+00 7.299999999999999822e+00 7.599999999999999645e+00 7.000000000000000000e+00 7.000000000000000000e+00
0.000000000000000000e+00 9.500000000000000000e+00 7.200000000000000178e+00 7.200000000000000178e+00 7.500000000000000000e+00 7.599999999999999645e+00 7.299999999999999822e+00 7.400000000000000355e+00 7.400000000000000355e+00 7.099999999999999645e+00 7.700000000000000178e+00 7.299999999999999822e+00
0.000000000000000000e+00 1.369999999999999929e+01 9.900000000000000355e+00 1.159999999999999964e+01 3.470000000000000284e+01 3.770000000000000284e+01 3.320000000000000284e+01 4.889999999999999858e+01 5.839999999999999858e+01 1.690000000000000000e+02 2.166999999999999886e+02 1.635000000000000000e+02
0.000000000000000000e+00 1.400000000000000000e+01 8.199999999999999289e+00 7.799999999999999822e+00 7.400000000000000355e+00 7.500000000000000000e+00 7.599999999999999645e+00 7.500000000000000000e+00 7.599999999999999645e+00 7.700000000000000178e+00 7.200000000000000178e+00 7.599999999999999645e+00
0.000000000000000000e+00 2.339999999999999858e+01 9.500000000000000000e+00 7.400000000000000355e+00 6.900000000000000355e+00 7.400000000000000355e+00 7.700000000000000178e+00 7.099999999999999645e+00 7.599999999999999645e+00 7.200000000000000178e+00 7.799999999999999822e+00 7.500000000000000000e+00
0.000000000000000000e+00 1.009999999999999964e+01 7.099999999999999645e+00 7.500000000000000000e+00 7.400000000000000355e+00 7.400000000000000355e+00 7.700000000000000178e+00 7.099999999999999645e+00 7.500000000000000000e+00 7.200000000000000178e+00 7.799999999999999822e+00 7.400000000000000355e+00
