0.000000000000000000e+00 1.100000000000000000e+01 6.900000000000000355e+00 8.199999999999999289e+00 1.180000000000000071e+01 1.540000000000000036e+01 7.300000000000000000e+01 9.000000000000000000e+00 1.395999999999999943e+02 1.360000000000000000e+02 3.840000000000000000e+02 3.548000000000000114e+02
0.000000000000000000e+00 1.309999999999999964e+01 7.099999999999999645e+00 6.700000000000000178e+00 7.000000000000000000e+00 7.799999999999999822e+00 7.700000000000000178e+00 7.299999999999999822e+00 7.299999999999999822e+00 7.400000000000000355e+00 7.400000000000000355e+00 7.099999999999999645e+00
0.000000000000000000e+00 1.030000000000000071e+01 7.099999999999999645e+00 7.500000000000000000e+00 7.200000000000000178e+00 7.799999999999999822e+00 7.200000000000000178e+00 7.599999999999999645e+00 7.400000000000000355e+00 7.500000000000000000e+00 7.500000000000000000e+00 7.099999999999999645e+00
0.000000000000000000e+00 8.000000000000000000e+00 7.299999999999999822e+00 7.400000000000000355e+00 7.500000000000000000e+00 7.700000000000000178e+00 7.299999999999999822e+00 7.700000000000000178e+00 7.200000000000000178e+00 7.799999999999999822e+00 7.700000000000000178e+00 7.099999999999999645e+00
0.000000000000000000e+00 8.000000000000000000e+00 7.400000000000000355e+00 7.000000000000000000e+00 7.200000000000000178e+00 7.299999999999999822e+00 7.299999999999999822e+00 7.000000000000000000e+00 7.500000000000000000e+00 6.900000000000000355e+00 7.299999999999999822e+00 7.000000000000000000e+00
0.000000000000000000e+00 9.500000000000000000e+00 7.200000000000000178e+00 7.299999999999999822e+00 7.599999999999999645e+00 7.700000000000000178e+00 7.500000000000000000e+00 7.500000000000000000e+00 7.099999999999999645e+00 7.500000000000000000e+00 7.500000000000000000e+00 7.000000000000000000e+00
0.000000000000000000e+00 1.380000000000000071e+01 7.200000000000000178e+00 7.500000000000000000e+00 9.800000000000000711e+00 4.379999999999999716e+01 6.759999999999999432e+01 5.229999999999999716e+01 2.235000000000000000e+02 1.441999999999999886e+02 1.509000000000000057e+02 2.723999999999999773e+02
0.000000000000000000e+00 1.559999999999999964e+01 9.900000000000000355e+00 1.009999999999999964e+01 1.839999999999999858e+01 4.250000000000000000e+01 3.810000000000000142e+01 1.459999999999999964e+01 1.868000000000000114e+02 1.730999999999999943e+02 1.750000000000000000e+02 3.341000000000000227e+02
0.000000000000000000e+00 2.980000000000000071e+01 1.269999999999999929e+01 1.839999999999999858e+01 3.169999999999999929e+01 1.810000000000000142e+01 7.309999999999999432e+01 3.110000000000000142e+01 2.920000000000000000e+02 1.740000000000000000e+02 7.400000000000000355e+00 7.400000000000000355e+00
0.000000000000000000e+00 7.599999999999999645e+00 7.400000000000000355e+00 7.000000000000000000e+00 7.500000000000000000e+00 7.400000000000000355e+00 6.900000000000000355e+00 7.400000000000000355e+00 6.900000000000000355e+00 7.500000000000000000e+00 7.200000000000000178e+00 7.299999999999999822e+00
0.000000000000000000e+00 8.599999999999999645e+00 7.500000000000000000e+00 7.099999999999999645e+00 7.200000000000000178e+00 7.099999999999999645e+00 7.400000000000000355e+00 7.200000000000000178e+00 7.400000000000000355e+00 6.900000000000000355e+00 7.200000000000000178e+00 7.599999999999999645e+00
0.000000000000000000e+00 7.500000000000000000e+00 7.500000000000000000e+00 7.099999999999999645e+00 7.099999999999999645e+00 7.200000000000000178e+00 7.299999999999999822e+00 7.299999999999999822e+00 7.200000000000000178e+00 6.900000000000000355e+00 7.000000000000000000e+00 7.000000000000000000e+00
0.000000000000000000e+00 9.300000000000000711e+00 6.900000000000000355e+00 8.000000000000000000e+00 7.599999999999999645e+00 7.400000000000000355e+00 7.299999999999999822e+00 7.099999999999999645e+00 7.599999999999999645e+00 7.099999999999999645e+00 7.200000000000000178e+00 7.099999999999999645e+00
0.000000000000000000e+00 1.550000000000000000e+01 8.400000000000000355e+00 7.299999999999999822e+00 7.799999999999999822e+00 7.400000000000000355e+00 7.299999999999999822e+00 7.200000000000000178e+00 7.299999999999999822e+00 7.000000000000000000e+00 7.700000000000000178e+00 7.400000000000000355e+00
0.000000000000000000e+00 1.369999999999999929e+01 7.599999999999999645e+00 7.099999999999999645e+00 7.400000000000000355e+00 7.000000000000000000e+00 7.299999999999999822e+00 7.099999999999999645e+00 7.700000000000000178e+00 7.799999999999999822e+00 7.299999999999999822e+00 7.299999999999999822e+00
0.000000000000000000e+00 7.599999999999999645e+00 7.500000000000000000e+00 7.099999999999999645e+00 7.299999999999999822e+00 7.299999999999999822e+00 7.599999999999999645e+00 7.799999999999999822e+00 7.000000000000000000e+00 7.500000000000000000e+00 7.400000000000000355e+00 7.299999999999999822e+00
0.000000000000000000e+00 1.800000000000000000e+01 1.050000000000000000e+01 7.799999999999999822e+00 1.130000000000000071e+01 2.330000000000000071e+01 2.160000000000000142e+01 2.539999999999999858e+01 1.935999999999999943e+02 1.770999999999999943e+02 7.200000000000000178e+00 7.400000000000000355e+00
0.000000000000000000e+00 9.800000000000000711e+00 7.299999999999999822e+00 7.599999999999999645e+00 7.500000000000000000e+00 7.400000000000000355e+00 7.500000000000000000e+00 7.299999999999999822e+00 7.400000000000000355e+00 7.500000000000000000e+00 7.400000000000000355e+00 7.299999999999999822e+00
0.000000000000000000e+00 1.090000000000000036e+01 7.099999999999999645e+00 7.400000000000000355e+00 1.190000000000000036e+01 5.310000000000000142e+01 3.370000000000000284e+01 1.012999999999999972e+02 1.441999999999999886e+02 1.415000000000000000e+02 1.815999999999999943e+02 4.228999999999999773e+02
0.000000000000000000e+00 9.400000000000000355e+00 6.900000000000000355e+00 7.500000000000000000e+00 7.400000000000000355e+00 7.299999999999999822e+00 7.299999999999999822e+00 7.099999999999999645e+00 7.700000000000000178e+00 7.500000000000000000e+00 7.599999999999999645e+00 7.200000000000000178e+00
