0.000000000000000000e+00 2.010000000000000142e+01 2.650000000000000000e+01 1.819999999999999929e+01 2.139999999999999858e+01 3.950000000000000000e+01 5.200000000000000000e+01 6.759999999999999432e+01 8.979999999999999716e+01 2.031999999999999886e+02 3.960000000000000000e+02 2.144000000000000057e+02
0.000000000000000000e+00 2.289999999999999858e+01 1.989999999999999858e+01 2.369999999999999929e+01 2.639999999999999858e+01 2.260000000000000142e+01 7.490000000000000568e+01 1.610000000000000142e+01 3.491999999999999886e+02 3.901999999999999886e+02 2.446999999999999886e+02 1.840000000000000000e+02
0.000000000000000000e+00 3.039999999999999858e+01 3.169999999999999929e+01 2.839999999999999858e+01 3.450000000000000000e+01 4.920000000000000284e+01 2.200000000000000000e+01 3.600000000000000000e+01 1.839000000000000057e+02 2.191999999999999886e+02 1.365000000000000000e+02 1.333000000000000114e+02
0.000000000000000000e+00 2.010000000000000142e+01 2.739999999999999858e+01 2.400000000000000000e+01 2.030000000000000071e+01 6.050000000000000000e+01 6.520000000000000284e+01 5.360000000000000142e+01 1.993000000000000114e+02 4.310000000000000000e+02 2.420000000000000000e+02 1.047999999999999972e+02
0.000000000000000000e+00 3.379999999999999716e+01 2.010000000000000142e+01 2.180000000000000071e+01 2.110000000000000142e+01 3.570000000000000284e+01 5.689999999999999858e+01 1.409999999999999964e+01 2.100999999999999943e+02 1.585000000000000000e+02 9.600000000000000000e+01 1.265000000000000000e+02
0.000000000000000000e+00 2.050000000000000000e+01 2.100000000000000000e+01 2.380000000000000071e+01 2.969999999999999929e+01 3.329999999999999716e+01 5.410000000000000142e+01 4.950000000000000000e+01 2.125000000000000000e+02 1.120999999999999943e+02 5.000000000000000000e+02 1.705000000000000000e+02
0.000000000000000000e+00 2.819999999999999929e+01 2.689999999999999858e+01 2.410000000000000142e+01 2.700000000000000000e+01 4.700000000000000000e+01 2.969999999999999929e+01 1.730000000000000071e+01 1.283000000000000114e+02 2.015999999999999943e+02 4.411000000000000227e+02 2.601999999999999886e+02
0.000000000000000000e+00 2.239999999999999858e+01 2.719999999999999929e+01 2.500000000000000000e+01 2.350000000000000000e+01 2.680000000000000071e+01 7.459999999999999432e+01 7.050000000000000000e+01 6.470000000000000284e+01 5.000000000000000000e+02 5.000000000000000000e+02 4.973000000000000114e+02
0.000000000000000000e+00 2.550000000000000000e+01 2.960000000000000142e+01 2.769999999999999929e+01 2.619999999999999929e+01 3.900000000000000000e+01 5.310000000000000142e+01 3.420000000000000284e+01 2.386999999999999886e+02 2.405999999999999943e+02 2.603000000000000114e+02 4.965000000000000000e+02
0.000000000000000000e+00 2.910000000000000142e+01 3.429999999999999716e+01 2.439999999999999858e+01 2.760000000000000142e+01 5.829999999999999716e+01 7.770000000000000284e+01 3.929999999999999716e+01 2.918000000000000114e+02 1.618000000000000114e+02 2.115999999999999943e+02 1.535000000000000000e+02
0.000000000000000000e+00 2.619999999999999929e+01 2.330000000000000071e+01 2.769999999999999929e+01 3.339999999999999858e+01 2.619999999999999929e+01 2.480000000000000071e+01 5.939999999999999858e+01 2.601000000000000227e+02 4.020000000000000000e+02 4.448999999999999773e+02 4.888999999999999773e+02
0.000000000000000000e+00 2.289999999999999858e+01 2.000000000000000000e+01 3.160000000000000142e+01 2.469999999999999929e+01 4.600000000000000000e+01 5.439999999999999858e+01 2.030000000000000071e+01 2.240000000000000000e+02 2.730000000000000071e+01 1.839000000000000057e+02 1.378000000000000114e+02
0.000000000000000000e+00 2.530000000000000071e+01 2.760000000000000142e+01 2.869999999999999929e+01 2.600000000000000000e+01 7.429999999999999716e+01 6.310000000000000142e+01 1.500000000000000000e+01 4.093000000000000114e+02 3.260000000000000000e+02 3.190000000000000000e+02 2.283000000000000114e+02
0.000000000000000000e+00 2.500000000000000000e+01 2.560000000000000142e+01 3.030000000000000071e+01 1.419999999999999929e+01 3.139999999999999858e+01 2.969999999999999929e+01 1.187999999999999972e+02 1.515000000000000000e+02 5.000000000000000000e+02 4.345000000000000000e+02 2.641999999999999886e+02
0.000000000000000000e+00 2.230000000000000071e+01 2.860000000000000142e+01 2.830000000000000071e+01 2.300000000000000000e+01 3.750000000000000000e+01 6.329999999999999716e+01 1.660000000000000142e+01 2.419000000000000057e+02 2.399000000000000057e+02 4.006000000000000227e+02 4.990000000000000000e+02
0.000000000000000000e+00 2.430000000000000071e+01 2.769999999999999929e+01 2.319999999999999929e+01 2.080000000000000071e+01 5.850000000000000000e+01 5.000000000000000000e+01 1.140000000000000036e+01 4.629999999999999716e+01 1.709000000000000057e+02 1.202999999999999972e+02 1.087999999999999972e+02
0.000000000000000000e+00 2.719999999999999929e+01 2.289999999999999858e+01 2.000000000000000000e+01 2.439999999999999858e+01 4.720000000000000284e+01 6.440000000000000568e+01 5.110000000000000142e+01 1.900000000000000000e+02 1.560000000000000000e+02 3.261999999999999886e+02 5.000000000000000000e+02
0.000000000000000000e+00 3.360000000000000142e+01 2.319999999999999929e+01 2.350000000000000000e+01 2.289999999999999858e+01 3.500000000000000000e+01 8.129999999999999716e+01 3.239999999999999858e+01 1.415000000000000000e+02 1.918000000000000114e+02 1.152000000000000028e+02 1.635999999999999943e+02
0.000000000000000000e+00 2.519999999999999929e+01 2.180000000000000071e+01 2.719999999999999929e+01 2.560000000000000142e+01 6.750000000000000000e+01 4.860000000000000142e+01 1.660000000000000142e+01 2.556999999999999886e+02 4.976000000000000227e+02 2.983999999999999773e+02 3.241000000000000227e+02
0.000000000000000000e+00 2.119999999999999929e+01 2.189999999999999858e+01 2.339999999999999858e+01 1.669999999999999929e+01 4.510000000000000142e+01 1.009000000000000057e+02 4.939999999999999858e+01 3.281000000000000227e+02 3.266999999999999886e+02 4.055000000000000000e+02 2.275999999999999943e+02
